byr	race	year	type	interval	nj	nj0	p_xl	p_l	earnings	iweight	iweight_old	nsrvd	ps_r	ern74	ern75	ern76	ern77	ern78	ern79	ern80	ern81	ern82	ern83	ern84
50	1	74	ADJ	1	8626	1352.42	0.0348072	0.0238583	8853.94	0.000246181	0.000175384	NA	0.3527	1	0.771358	0.694835	0.568015	0.476504	0.407121	0.342708	0.472947	0.354887	0.387296	0.408793
50	1	75	ADJ	1	8615	1557.8	0.05673	0.0268174	9062.64	0.000192868	0.000139371	NA	0.3527	0.771358	1	0.803318	0.711351	0.643066	0.53959	0.533922	0.577639	0.4067	0.398485	0.408106
50	1	76	ADJ	1	8606	1603.02	0.080075	0.0304051	10096.1	0.000165332	0.000116898	NA	0.3527	0.694835	0.803318	1	0.819181	0.649811	0.610188	0.575669	0.617159	0.43717	0.44456	0.423393
50	1	77	ADJ	1	8592	1588.52	0.110013	0.0384353	10916.1	0.000153905	0.000106696	NA	0.3527	0.568015	0.711351	0.819181	1	0.730788	0.661649	0.644522	0.689318	0.552163	0.566851	0.488475
50	1	78	ADJ	1	8574	1608	0.142425	0.0454271	11738.4	0.0001323	9.22008e-05	NA	0.3527	0.476504	0.643066	0.649811	0.730788	1	0.81086	0.690245	0.704682	0.489165	0.503557	0.429488
50	1	79	ADJ	1	8564	1604.61	0.0949444	0.0293981	12266.6	0.000124186	8.49031e-05	NA	0.3527	0.407121	0.53959	0.610188	0.661649	0.81086	1	0.81615	0.735102	0.557315	0.533789	0.485616
50	1	80	ADJ	2	7337	1454.79	0.0996821	0.0239738	12227.3	0.000104733	7.04748e-05	NA	0.1933	0.342708	0.533922	0.575669	0.644522	0.690245	0.81615	1	0.811483	0.789748	0.701517	0.62411
50	1	81	ADJ	2	7327	1488.58	0.0964227	0.0204122	12468.1	9.18942e-05	6.29977e-05	NA	0.1933	0.472947	0.577639	0.617159	0.689318	0.704682	0.735102	0.811483	1	0.728645	0.634369	0.666854
50	1	82	ADJ	2	7318	1581.19	0.100715	0.0197898	12773	7.09323e-05	5.1157e-05	NA	0.1933	0.354887	0.4067	0.43717	0.552163	0.489165	0.557315	0.789748	0.728645	1	0.808913	0.710325
50	1	83	ADJ	1	8521	1949.14	0.0879164	0.0165621	12912.6	8.05295e-05	5.65763e-05	NA	0.3527	0.387296	0.398485	0.44456	0.566851	0.503557	0.533789	0.701517	0.634369	0.808913	1	0.790676
50	1	84	ADJ	1	8508	2049.26	0.0957806	0.022723	13405.7	7.13929e-05	4.98559e-05	NA	0.3527	0.408793	0.408106	0.423393	0.488475	0.429488	0.485616	0.62411	0.666854	0.710325	0.790676	1
50	2	74	ADJ	2	2554	835.965	0.030128	0.0104672	7715.84	6.67061e-05	3.81735e-05	NA	0.1354	1	0.673253	0.602785	0.500004	0.431862	0.418737	0.392203	0.216962	0.238426	0.25659	0.405801
50	2	75	ADJ	2	2549	895.78	0.0374457	0.0126595	7840.31	6.12071e-05	3.43013e-05	NA	0.1354	0.673253	1	0.659624	0.56269	0.521548	0.453595	0.371557	0.248566	0.303348	0.235429	0.392372
50	2	76	ADJ	1	2848	985.784	0.0586076	0.0176746	8633.26	2.46872e-05	1.87736e-05	NA	0.1957	0.602785	0.659624	1	0.618769	0.574938	0.473532	0.390006	0.313207	0.350094	0.235089	0.280607
50	2	77	ADJ	1	2846	953.115	0.0813531	0.0249128	9428.74	2.77409e-05	1.98411e-05	NA	0.1957	0.500004	0.56269	0.618769	1	0.734612	0.548176	0.457031	0.444102	0.442159	0.41227	0.413864
50	2	78	ADJ	1	2841	968.033	0.112175	0.0266289	10234.8	2.80404e-05	1.90089e-05	NA	0.1957	0.431862	0.521548	0.574938	0.734612	1	0.758367	0.643897	0.60783	0.574288	0.45246	0.516251
50	2	79	ADJ	2	2521	824.724	0.0637449	0.0152027	10301.7	2.67228e-05	1.77543e-05	NA	0.1354	0.418737	0.453595	0.473532	0.548176	0.758367	1	0.800411	0.699167	0.629604	0.456882	0.520685
50	2	80	ADJ	2	2517	843.794	0.0694684	0.0172525	10110.3	2.57591e-05	1.7365e-05	NA	0.1354	0.392203	0.371557	0.390006	0.457031	0.643897	0.800411	1	0.779419	0.641894	0.566094	0.584253
50	2	81	ADJ	2	2511	829.067	0.063587	0.0154685	10227.3	2.3771e-05	1.63827e-05	NA	0.1354	0.216962	0.248566	0.313207	0.444102	0.60783	0.699167	0.779419	1	0.783879	0.609268	0.59327
50	2	82	ADJ	1	2820	1002.07	0.0726558	0.0169935	10740.5	2.42935e-05	1.62348e-05	NA	0.1957	0.238426	0.303348	0.350094	0.442159	0.574288	0.629604	0.641894	0.783879	1	0.732557	0.680604
50	2	83	ADJ	2	2501	908.185	0.0646905	0.0143777	10896.7	2.3458e-05	1.46508e-05	NA	0.1354	0.25659	0.235429	0.235089	0.41227	0.45246	0.456882	0.566094	0.609268	0.732557	1	0.774626
50	2	84	ADJ	1	2810	1002.03	0.0797855	0.012571	11253.3	2.26716e-05	1.4744e-05	NA	0.1957	0.405801	0.392372	0.280607	0.413864	0.516251	0.520685	0.584253	0.59327	0.680604	0.774626	1
50	1	74	TAXAB	1	8626	1352.42	0.0348072	0.0238583	8721.84	0.000280274	0.000192025	NA	0.3527	1	0.727691	0.650036	0.515821	0.428415	0.401066	0.323062	0.427432	0.293612	0.37993	0.420998
50	1	75	TAXAB	2	7381	1379.35	0.0712274	0.0239439	9171.12	0.000218449	0.000138952	NA	0.1933	0.727691	1	0.758412	0.656202	0.592561	0.544104	0.517838	0.563186	0.371736	0.419932	0.454491
50	1	76	TAXAB	1	8606	1603.02	0.080075	0.0304051	9706.49	0.000233096	0.000147144	NA	0.3527	0.650036	0.758412	1	0.789492	0.589995	0.610548	0.564372	0.607657	0.424308	0.452462	0.433545
50	1	77	TAXAB	2	7359	1324.57	0.123294	0.0357335	10718.4	0.00018973	0.000114977	NA	0.1933	0.515821	0.656202	0.789492	1	0.701324	0.641089	0.601699	0.63522	0.489981	0.507739	0.481872
50	1	78	TAXAB	2	7348	1348.9	0.159302	0.0491243	11255.4	0.000174434	0.000104065	NA	0.1933	0.428415	0.592561	0.589995	0.701324	1	0.798584	0.635555	0.662254	0.433826	0.480543	0.440161
50	1	79	TAXAB	2	7339	1367.98	0.0997959	0.0314791	12000.5	0.000145294	8.78866e-05	NA	0.1933	0.401066	0.544104	0.610548	0.641089	0.798584	1	0.794692	0.693166	0.506555	0.500346	0.502128
50	1	80	TAXAB	1	8551	1634.8	0.096046	0.0240914	11465.7	0.000171178	0.000105532	NA	0.3527	0.323062	0.517838	0.564372	0.601699	0.635555	0.794692	1	0.779243	0.783172	0.700711	0.650055
50	1	81	TAXAB	1	8542	1702.51	0.089105	0.0232547	11664.2	0.000156373	9.65279e-05	NA	0.3527	0.427432	0.563186	0.607657	0.63522	0.662254	0.693166	0.779243	1	0.672858	0.606114	0.672612
50	1	82	TAXAB	1	8537	1896.09	0.093773	0.0204097	11812.5	0.000141358	8.51718e-05	NA	0.3527	0.293612	0.371736	0.424308	0.489981	0.433826	0.506555	0.783172	0.672858	1	0.791849	0.701004
50	1	83	TAXAB	2	7310	1666.07	0.0972158	0.0200601	12519	0.000103128	6.23998e-05	NA	0.1933	0.37993	0.419932	0.452462	0.507739	0.480543	0.500346	0.700711	0.606114	0.791849	1	0.752165
50	1	84	TAXAB	1	8508	2049.26	0.0957806	0.022723	12737.9	0.000115011	6.78166e-05	NA	0.3527	0.420998	0.454491	0.433545	0.481872	0.440161	0.502128	0.650055	0.672612	0.701004	0.752165	1
50	2	74	TAXAB	1	2859	940.917	0.0301676	0.0125479	7431.77	7.81153e-05	4.48869e-05	NA	0.1957	1	0.657727	0.603769	0.486817	0.402789	0.444585	0.394048	0.247825	0.256259	0.268377	0.402271
50	2	75	TAXAB	2	2549	895.78	0.0374457	0.0126595	7764.56	6.55233e-05	3.56161e-05	NA	0.1354	0.657727	1	0.664842	0.515829	0.490072	0.462316	0.366434	0.253041	0.323845	0.250228	0.410744
50	2	76	TAXAB	1	2848	985.784	0.0586076	0.0176746	8285.37	6.24699e-05	3.47618e-05	NA	0.1957	0.603769	0.664842	1	0.598947	0.556539	0.478782	0.365286	0.275781	0.336653	0.241274	0.301208
50	2	77	TAXAB	1	2846	953.115	0.0813531	0.0249128	9006.81	5.96534e-05	3.21378e-05	NA	0.1957	0.486817	0.515829	0.598947	1	0.697564	0.571545	0.420135	0.434909	0.428304	0.425914	0.437593
50	2	78	TAXAB	2	2534	849.026	0.0996318	0.0256698	9487.21	4.7346e-05	2.56287e-05	NA	0.1354	0.402789	0.490072	0.556539	0.697564	1	0.747016	0.575966	0.524463	0.499817	0.424702	0.509877
50	2	79	TAXAB	2	2521	824.724	0.0637449	0.0152027	9900.31	4.20427e-05	2.34255e-05	NA	0.1354	0.444585	0.462316	0.478782	0.571545	0.747016	1	0.785105	0.675672	0.590668	0.475479	0.556529
50	2	80	TAXAB	1	2826	933.358	0.0701839	0.0132032	9838.84	4.47791e-05	2.54943e-05	NA	0.1957	0.394048	0.366434	0.365286	0.420135	0.575966	0.785105	1	0.76398	0.560535	0.488104	0.533145
50	2	81	TAXAB	1	2822	974.065	0.0773317	0.0146255	10214.2	4.16595e-05	2.2993e-05	NA	0.1957	0.247825	0.253041	0.275781	0.434909	0.524463	0.675672	0.76398	1	0.727346	0.559744	0.583622
50	2	82	TAXAB	1	2820	1002.07	0.0726558	0.0169935	10224.2	3.92026e-05	2.17669e-05	NA	0.1957	0.256259	0.323845	0.336653	0.428304	0.499817	0.590668	0.560535	0.727346	1	0.695038	0.667924
50	2	83	TAXAB	1	2815	1004.84	0.0751934	0.0121382	10665.1	3.29395e-05	1.89434e-05	NA	0.1957	0.268377	0.250228	0.241274	0.425914	0.424702	0.475479	0.488104	0.559744	0.695038	1	0.748334
50	2	84	TAXAB	1	2810	1002.03	0.0797855	0.012571	10965.6	3.12969e-05	1.79636e-05	NA	0.1957	0.402271	0.410744	0.301208	0.437593	0.509877	0.556529	0.533145	0.583622	0.667924	0.748334	1
50	1	78	TOTAL	2	7348	2030.01	0.000932871	0.227415	17273.3	4.7417e-07	4.7071e-07	NA	0.1933	NA	NA	NA	NA	1	0.177398	0.228283	-0.016238	-0.0369988	-0.00140473	-0.0415292
50	1	79	TOTAL	2	7339	2162.7	0	0.136064	16052.3	7.738e-07	7.65115e-07	NA	0.1933	NA	NA	NA	NA	0.177398	1	0.348202	0.137494	0.165078	0.152294	0.145783
50	1	80	TOTAL	1	8551	2539.39	0.00014971	0.125924	12214.9	1.59702e-05	1.42883e-05	NA	0.3527	NA	NA	NA	NA	0.228283	0.348202	1	0.273969	0.240868	0.179453	0.158517
50	1	81	TOTAL	2	7327	2167.7	0.000404125	0.121342	12778.5	6.08622e-05	3.87686e-05	NA	0.1933	NA	NA	NA	NA	-0.016238	0.137494	0.273969	1	0.600624	0.483218	0.553319
50	1	82	TOTAL	2	7318	2211.78	0.000801964	0.117413	13138	5.10383e-05	3.35459e-05	NA	0.1933	NA	NA	NA	NA	-0.0369988	0.165078	0.240868	0.600624	1	0.710092	0.60158
50	1	83	TOTAL	2	7310	2187.12	0.000205939	0.11476	13977.5	2.47931e-05	1.93259e-05	NA	0.1933	NA	NA	NA	NA	-0.00140473	0.152294	0.179453	0.483218	0.710092	1	0.807664
50	1	84	TOTAL	1	8508	2587.35	0.000156064	0.118506	14246.7	4.29933e-05	2.96872e-05	NA	0.3527	NA	NA	NA	NA	-0.0415292	0.145783	0.158517	0.553319	0.60158	0.807664	1
50	2	78	TOTAL	2	2534	999.059	0	0.153721	15631.9	3.08182e-07	3.02334e-07	NA	0.1354	NA	NA	NA	NA	1	0.436915	0.00752642	0.212294	0.280129	0.138463	0.147779
50	2	79	TOTAL	1	2834	1120.83	0	0.0964316	16050.3	2.53682e-07	2.49912e-07	NA	0.1957	NA	NA	NA	NA	0.436915	1	0.341862	0.246419	0.15349	0.147063	0.00152915
50	2	80	TOTAL	1	2826	1129.24	0	0.0842967	10623.3	5.96064e-06	5.14549e-06	NA	0.1957	NA	NA	NA	NA	0.00752642	0.341862	1	0.414081	0.219093	0.0708767	0.0988192
50	2	81	TOTAL	2	2511	979.85	0	0.0829364	10216.5	2.33427e-05	1.44007e-05	NA	0.1354	NA	NA	NA	NA	0.212294	0.246419	0.414081	1	0.735231	0.46538	0.341637
50	2	82	TOTAL	2	2507	1027.99	0	0.0776965	10906.7	1.8148e-05	1.1353e-05	NA	0.1354	NA	NA	NA	NA	0.280129	0.15349	0.219093	0.735231	1	0.60142	0.51543
50	2	83	TOTAL	1	2815	1129.07	0	0.0842912	11750	1.17519e-05	8.47903e-06	NA	0.1957	NA	NA	NA	NA	0.138463	0.147063	0.0708767	0.46538	0.60142	1	0.794032
50	2	84	TOTAL	1	2810	1096.91	0	0.087096	12091.7	1.00878e-05	7.55024e-06	NA	0.1957	NA	NA	NA	NA	0.147779	0.00152915	0.0988192	0.341637	0.51543	0.794032	1
50	1	74	ADJ	2	7390	1228.63	0.0484894	0.0203018	9227.35	0.000199272	0.000138408	NA	0.1933	1	0.771358	0.694835	0.568015	0.476504	0.407121	0.342708	0.472947	0.354887	0.387296	0.408793
50	1	75	ADJ	2	7381	1379.35	0.0712274	0.0239439	9484.24	0.000154508	0.000109997	NA	0.1933	0.771358	1	0.803318	0.711351	0.643066	0.53959	0.533922	0.577639	0.4067	0.398485	0.408106
50	1	76	ADJ	2	7369	1372.09	0.0951054	0.0301265	10529.1	0.000135759	9.51267e-05	NA	0.1933	0.694835	0.803318	1	0.819181	0.649811	0.610188	0.575669	0.617159	0.43717	0.44456	0.423393
50	1	77	ADJ	2	7359	1324.57	0.123294	0.0357335	11256.8	0.00012929	8.95954e-05	NA	0.1933	0.568015	0.711351	0.819181	1	0.730788	0.661649	0.644522	0.689318	0.552163	0.566851	0.488475
50	1	78	ADJ	2	7348	1348.9	0.159302	0.0491243	12025.4	0.000107415	7.58371e-05	NA	0.1933	0.476504	0.643066	0.649811	0.730788	1	0.81086	0.690245	0.704682	0.489165	0.503557	0.429488
50	1	79	ADJ	2	7339	1367.98	0.0997959	0.0314791	12529.2	0.000103993	7.08632e-05	NA	0.1933	0.407121	0.53959	0.610188	0.661649	0.81086	1	0.81615	0.735102	0.557315	0.533789	0.485616
50	1	80	ADJ	1	8551	1634.8	0.096046	0.0240914	11940.7	0.000123354	8.5174e-05	NA	0.3527	0.342708	0.533922	0.575669	0.644522	0.690245	0.81615	1	0.811483	0.789748	0.701517	0.62411
50	1	81	ADJ	1	8542	1702.51	0.089105	0.0232547	12118.2	0.000108412	7.58217e-05	NA	0.3527	0.472947	0.577639	0.617159	0.689318	0.704682	0.735102	0.811483	1	0.728645	0.634369	0.666854
50	1	82	ADJ	1	8537	1896.09	0.093773	0.0204097	12505.4	8.32121e-05	5.99369e-05	NA	0.3527	0.354887	0.4067	0.43717	0.552163	0.489165	0.557315	0.789748	0.728645	1	0.808913	0.710325
50	1	83	ADJ	2	7310	1666.07	0.0972158	0.0200601	13207.4	6.61785e-05	4.66425e-05	NA	0.1933	0.387296	0.398485	0.44456	0.566851	0.503557	0.533789	0.701517	0.634369	0.808913	1	0.790676
50	1	84	ADJ	2	7303	1739.59	0.109687	0.0194598	13806.9	5.76171e-05	4.05864e-05	NA	0.1933	0.408793	0.408106	0.423393	0.488475	0.429488	0.485616	0.62411	0.666854	0.710325	0.790676	1
51	1	74	ADJ	69	243	32.076	0.0184332	0.00576037	7811.19	9.32417e-06	6.90495e-06	1348	0.0550204	1	0.762856	0.702351	0.569335	0.623188	0.49198	0.545571	0.461483	0.359582	0.196619	0.323685
51	1	74	ADJ	8	221	28.067	0	0.0366552	8043.34	9.0729e-06	6.5443e-06	4931	0.223122	1	0.762856	0.702351	0.569335	0.623188	0.49198	0.545571	0.461483	0.359582	0.196619	0.323685
51	1	74	ADJ	9	269	32.011	0.0215664	0.0124858	7461.52	1.07653e-05	8.31247e-06	5094	0.188667	1	0.762856	0.702351	0.569335	0.623188	0.49198	0.545571	0.461483	0.359582	0.196619	0.323685
51	1	74	ADJ	4	272	29.104	0.0201568	0.012318	7804.19	1.09444e-05	8.4938e-06	5463	0.200846	1	0.762856	0.702351	0.569335	0.623188	0.49198	0.545571	0.461483	0.359582	0.196619	0.323685
51	1	74	ADJ	64	213	34.08	0.0107143	0.0119048	8627.98	7.14765e-06	4.85633e-06	1204	0.0562617	1	0.762856	0.702351	0.569335	0.623188	0.49198	0.545571	0.461483	0.359582	0.196619	0.323685
51	1	74	ADJ	12	197	22.064	0.0405405	0.0225225	8593.86	6.10675e-06	4.77243e-06	4412	0.222828	1	0.762856	0.702351	0.569335	0.623188	0.49198	0.545571	0.461483	0.359582	0.196619	0.323685
51	1	74	ADJ	10	225	27	0.0454545	0.0147727	8497.18	6.56309e-06	5.13999e-06	5127	0.225859	1	0.762856	0.702351	0.569335	0.623188	0.49198	0.545571	0.461483	0.359582	0.196619	0.323685
51	1	74	ADJ	48	226	23.956	0.0145414	0	7875.19	9.3689e-06	7.20112e-06	1590	0.0700441	1	0.762856	0.702351	0.569335	0.623188	0.49198	0.545571	0.461483	0.359582	0.196619	0.323685
51	1	74	ADJ	32	246	30.996	0.0423341	0.01373	8485.04	7.81279e-06	5.92516e-06	2110	0.0857724	1	0.762856	0.702351	0.569335	0.623188	0.49198	0.545571	0.461483	0.359582	0.196619	0.323685
51	1	74	ADJ	54	215	32.895	0.0330578	0.0165289	8489.86	5.49942e-06	4.15271e-06	1417	0.0656019	1	0.762856	0.702351	0.569335	0.623188	0.49198	0.545571	0.461483	0.359582	0.196619	0.323685
51	1	74	ADJ	72	234	37.908	0.0310263	0.00954654	8766.23	7.45828e-06	5.10072e-06	1366	0.0583761	1	0.762856	0.702351	0.569335	0.623188	0.49198	0.545571	0.461483	0.359582	0.196619	0.323685
51	1	74	ADJ	67	197	34.081	0.0241838	0.00604595	8528.05	5.84302e-06	4.05032e-06	1336	0.0678173	1	0.762856	0.702351	0.569335	0.623188	0.49198	0.545571	0.461483	0.359582	0.196619	0.323685
51	1	74	ADJ	41	218	35.098	0.0488677	0.0166865	8345.12	6.26857e-06	4.57839e-06	1504	0.0686758	1	0.762856	0.702351	0.569335	0.623188	0.49198	0.545571	0.461483	0.359582	0.196619	0.323685
51	1	74	ADJ	5	233	30.057	0.0447761	0.00459242	8505.06	7.7595e-06	5.77276e-06	4778	0.203319	1	0.762856	0.702351	0.569335	0.623188	0.49198	0.545571	0.461483	0.359582	0.196619	0.323685
51	1	74	ADJ	36	206	31.93	0.0177515	0.00473373	8038.34	7.45642e-06	5.24136e-06	1598	0.0771981	1	0.762856	0.702351	0.569335	0.623188	0.49198	0.545571	0.461483	0.359582	0.196619	0.323685
51	1	74	ADJ	7	240	24	0.0233333	0.00444444	7709.24	8.30208e-06	6.78404e-06	5170	0.213636	1	0.762856	0.702351	0.569335	0.623188	0.49198	0.545571	0.461483	0.359582	0.196619	0.323685
51	1	74	ADJ	43	228	26.904	0.0204082	0.0147392	7731.86	7.56269e-06	5.99945e-06	1286	0.0561572	1	0.762856	0.702351	0.569335	0.623188	0.49198	0.545571	0.461483	0.359582	0.196619	0.323685
51	1	74	ADJ	58	232	32.944	0.039627	0.00582751	8323.28	7.88182e-06	5.72372e-06	1556	0.065654	1	0.762856	0.702351	0.569335	0.623188	0.49198	0.545571	0.461483	0.359582	0.196619	0.323685
51	1	74	ADJ	55	224	32.032	0.0105017	0.0210035	8432.86	7.68295e-06	5.4739e-06	1478	0.0651101	1	0.762856	0.702351	0.569335	0.623188	0.49198	0.545571	0.461483	0.359582	0.196619	0.323685
51	1	74	ADJ	30	219	33.945	0.00591716	0.0378698	8778.92	6.77069e-06	4.71802e-06	2273	0.10379	1	0.762856	0.702351	0.569335	0.623188	0.49198	0.545571	0.461483	0.359582	0.196619	0.323685
51	1	74	ADJ	6	239	34.894	0.0199063	0.00468384	7567.98	8.6383e-06	6.41005e-06	5138	0.210574	1	0.762856	0.702351	0.569335	0.623188	0.49198	0.545571	0.461483	0.359582	0.196619	0.323685
51	1	74	ADJ	47	243	34.992	0.0245327	0.0046729	8174.86	9.432e-06	6.60724e-06	1396	0.0569796	1	0.762856	0.702351	0.569335	0.623188	0.49198	0.545571	0.461483	0.359582	0.196619	0.323685
51	1	74	ADJ	49	219	31.974	0.0269321	0.0316159	8352.57	6.27173e-06	4.70095e-06	1460	0.0660634	1	0.762856	0.702351	0.569335	0.623188	0.49198	0.545571	0.461483	0.359582	0.196619	0.323685
51	1	74	ADJ	53	269	33.894	0.0171625	0.00800915	7953.45	9.35078e-06	7.12504e-06	1427	0.0526568	1	0.762856	0.702351	0.569335	0.623188	0.49198	0.545571	0.461483	0.359582	0.196619	0.323685
51	1	74	ADJ	23	220	25.96	0.015873	0	8038.95	9.4445e-06	6.91291e-06	4028	0.183091	1	0.762856	0.702351	0.569335	0.623188	0.49198	0.545571	0.461483	0.359582	0.196619	0.323685
51	1	74	ADJ	37	244	43.92	0.0243902	0.0256098	8880.44	7.30021e-06	4.83993e-06	1686	0.0688163	1	0.762856	0.702351	0.569335	0.623188	0.49198	0.545571	0.461483	0.359582	0.196619	0.323685
51	1	74	ADJ	1	226	25.99	0.020339	0.019209	7861.63	7.41279e-06	5.88867e-06	5197	0.227939	1	0.762856	0.702351	0.569335	0.623188	0.49198	0.545571	0.461483	0.359582	0.196619	0.323685
51	1	74	ADJ	60	230	29.9	0.0344828	0.0206897	8587.22	7.28249e-06	5.43694e-06	1185	0.0512987	1	0.762856	0.702351	0.569335	0.623188	0.49198	0.545571	0.461483	0.359582	0.196619	0.323685
51	1	74	ADJ	22	242	27.104	0.0281532	0.0326577	8418.49	7.45177e-06	5.87199e-06	4705	0.192828	1	0.762856	0.702351	0.569335	0.623188	0.49198	0.545571	0.461483	0.359582	0.196619	0.323685
51	1	74	ADJ	26	230	43.01	0.0319803	0.0159902	8154.33	7.3059e-06	4.95994e-06	2620	0.111966	1	0.762856	0.702351	0.569335	0.623188	0.49198	0.545571	0.461483	0.359582	0.196619	0.323685
51	1	74	ADJ	59	246	34.932	0.027972	0.0151515	8734.16	8.69895e-06	6.05436e-06	1440	0.0585366	1	0.762856	0.702351	0.569335	0.623188	0.49198	0.545571	0.461483	0.359582	0.196619	0.323685
51	1	74	ADJ	29	230	25.07	0.0190797	0.020202	7983.11	8.1665e-06	6.41842e-06	2264	0.0984348	1	0.762856	0.702351	0.569335	0.623188	0.49198	0.545571	0.461483	0.359582	0.196619	0.323685
51	1	74	ADJ	33	220	34.98	0.0273484	0.00475624	7920.09	7.73905e-06	5.49855e-06	2169	0.0985909	1	0.762856	0.702351	0.569335	0.623188	0.49198	0.545571	0.461483	0.359582	0.196619	0.323685
51	1	74	ADJ	68	228	35.112	0.036643	0.00472813	8287.37	7.78804e-06	5.50649e-06	1439	0.0625652	1	0.762856	0.702351	0.569335	0.623188	0.49198	0.545571	0.461483	0.359582	0.196619	0.323685
51	1	74	ADJ	56	237	32.943	0.0348432	0.00929152	8799.78	7.30826e-06	5.31427e-06	1300	0.0548523	1	0.762856	0.702351	0.569335	0.623188	0.49198	0.545571	0.461483	0.359582	0.196619	0.323685
51	1	74	ADJ	42	229	27.938	0.0398633	0.0148064	8065.59	6.70867e-06	5.34125e-06	1709	0.0746288	1	0.762856	0.702351	0.569335	0.623188	0.49198	0.545571	0.461483	0.359582	0.196619	0.323685
51	1	74	ADJ	19	230	32.89	0.0198366	0.0210035	7816.47	8.57174e-06	6.24111e-06	4812	0.209217	1	0.762856	0.702351	0.569335	0.623188	0.49198	0.545571	0.461483	0.359582	0.196619	0.323685
51	1	74	ADJ	57	239	44.932	0.0160099	0.0246305	8759.34	6.75754e-06	4.51689e-06	1296	0.054	1	0.762856	0.702351	0.569335	0.623188	0.49198	0.545571	0.461483	0.359582	0.196619	0.323685
51	1	74	ADJ	44	198	24.948	0.0514874	0.0240275	8739.81	5.61044e-06	4.31676e-06	1571	0.07855	1	0.762856	0.702351	0.569335	0.623188	0.49198	0.545571	0.461483	0.359582	0.196619	0.323685
51	1	74	ADJ	73	205	28.085	0.0336037	0.0115875	8528.24	7.16591e-06	5.14466e-06	1578	0.0769756	1	0.762856	0.702351	0.569335	0.623188	0.49198	0.545571	0.461483	0.359582	0.196619	0.323685
51	1	74	ADJ	13	203	36.946	0.0183374	0.0122249	8032.97	6.32842e-06	4.39267e-06	4651	0.22799	1	0.762856	0.702351	0.569335	0.623188	0.49198	0.545571	0.461483	0.359582	0.196619	0.323685
51	1	74	ADJ	31	181	26.064	0.0455607	0.0128505	8161.12	5.08405e-06	3.90206e-06	2212	0.120874	1	0.762856	0.702351	0.569335	0.623188	0.49198	0.545571	0.461483	0.359582	0.196619	0.323685
51	1	74	ADJ	16	202	23.028	0.0112867	0.0225734	8334.7	7.4304e-06	5.60458e-06	4605	0.226847	1	0.762856	0.702351	0.569335	0.623188	0.49198	0.545571	0.461483	0.359582	0.196619	0.323685
51	1	74	ADJ	14	214	29.104	0.0219907	0.0104167	8391.2	8.14912e-06	5.76077e-06	5242	0.240459	1	0.762856	0.702351	0.569335	0.623188	0.49198	0.545571	0.461483	0.359582	0.196619	0.323685
51	1	74	ADJ	45	236	34.928	0.0199531	0.0152582	8550.97	8.24206e-06	5.73723e-06	1375	0.0580169	1	0.762856	0.702351	0.569335	0.623188	0.49198	0.545571	0.461483	0.359582	0.196619	0.323685
51	1	74	ADJ	24	227	27.921	0.0148233	0.0205245	8187.87	8.67231e-06	6.40108e-06	4022	0.174113	1	0.762856	0.702351	0.569335	0.623188	0.49198	0.545571	0.461483	0.359582	0.196619	0.323685
51	1	74	ADJ	62	248	47.12	0.0246914	0.00493827	7411.88	7.82791e-06	5.60095e-06	1578	0.06312	1	0.762856	0.702351	0.569335	0.623188	0.49198	0.545571	0.461483	0.359582	0.196619	0.323685
51	1	74	ADJ	70	213	31.95	0.0223529	0.0105882	7717.32	6.65517e-06	5.03429e-06	1446	0.0678873	1	0.762856	0.702351	0.569335	0.623188	0.49198	0.545571	0.461483	0.359582	0.196619	0.323685
51	1	74	ADJ	46	249	38.097	0.0283353	0.0094451	8278.7	8.12607e-06	5.82637e-06	1453	0.05812	1	0.762856	0.702351	0.569335	0.623188	0.49198	0.545571	0.461483	0.359582	0.196619	0.323685
51	1	74	ADJ	20	240	32.88	0.0196987	0.00926999	7960.56	9.49621e-06	6.82495e-06	4390	0.179918	1	0.762856	0.702351	0.569335	0.623188	0.49198	0.545571	0.461483	0.359582	0.196619	0.323685
51	1	74	ADJ	65	223	35.011	0.0213523	0.00474496	7915.19	8.50784e-06	5.92037e-06	1560	0.0699552	1	0.762856	0.702351	0.569335	0.623188	0.49198	0.545571	0.461483	0.359582	0.196619	0.323685
51	1	74	ADJ	11	233	37.047	0.0309156	0.00951249	7776.91	7.64902e-06	5.60235e-06	4658	0.199914	1	0.762856	0.702351	0.569335	0.623188	0.49198	0.545571	0.461483	0.359582	0.196619	0.323685
51	1	74	ADJ	63	252	34.02	0.0323699	0.0138728	8243.09	8.1599e-06	6.11548e-06	1709	0.0672835	1	0.762856	0.702351	0.569335	0.623188	0.49198	0.545571	0.461483	0.359582	0.196619	0.323685
51	1	74	ADJ	25	220	25.08	0.020316	0.010158	8491.28	7.9714e-06	5.99031e-06	3930	0.176233	1	0.762856	0.702351	0.569335	0.623188	0.49198	0.545571	0.461483	0.359582	0.196619	0.323685
51	1	74	ADJ	71	212	39.008	0.0110294	0.0183824	7738.58	8.16865e-06	5.39079e-06	1220	0.057277	1	0.762856	0.702351	0.569335	0.623188	0.49198	0.545571	0.461483	0.359582	0.196619	0.323685
51	1	74	ADJ	34	226	39.098	0.0326481	0.00483676	8166.04	7.51044e-06	5.17572e-06	2213	0.097489	1	0.762856	0.702351	0.569335	0.623188	0.49198	0.545571	0.461483	0.359582	0.196619	0.323685
51	1	74	ADJ	50	247	41.002	0.0239808	0.0191846	8443.25	7.49433e-06	5.26927e-06	1590	0.0638554	1	0.762856	0.702351	0.569335	0.623188	0.49198	0.545571	0.461483	0.359582	0.196619	0.323685
51	1	74	ADJ	21	206	29.046	0.0221187	0.0232829	7920.44	7.30361e-06	5.3774e-06	4244	0.205024	1	0.762856	0.702351	0.569335	0.623188	0.49198	0.545571	0.461483	0.359582	0.196619	0.323685
51	1	74	ADJ	15	233	41.94	0.0317073	0.0097561	8545.33	7.55665e-06	5.01482e-06	4925	0.209574	1	0.762856	0.702351	0.569335	0.623188	0.49198	0.545571	0.461483	0.359582	0.196619	0.323685
51	1	74	ADJ	40	235	39.01	0.0203837	0.00479616	8164.36	7.54426e-06	5.31756e-06	1729	0.0735745	1	0.762856	0.702351	0.569335	0.623188	0.49198	0.545571	0.461483	0.359582	0.196619	0.323685
51	1	74	ADJ	66	242	35.09	0.0140351	0.00584795	7834.31	9.23601e-06	6.63294e-06	1320	0.0540984	1	0.762856	0.702351	0.569335	0.623188	0.49198	0.545571	0.461483	0.359582	0.196619	0.323685
51	1	74	ADJ	39	273	37.128	0.0335648	0.0127315	8540.2	9.33852e-06	6.7557e-06	1905	0.0695255	1	0.762856	0.702351	0.569335	0.623188	0.49198	0.545571	0.461483	0.359582	0.196619	0.323685
51	1	74	ADJ	38	217	31.899	0.0269637	0.0164127	8738.54	7.36141e-06	5.1223e-06	1407	0.0648387	1	0.762856	0.702351	0.569335	0.623188	0.49198	0.545571	0.461483	0.359582	0.196619	0.323685
51	1	74	ADJ	61	239	43.976	0.0208333	0.0257353	8055.22	7.00956e-06	4.93067e-06	1600	0.0666667	1	0.762856	0.702351	0.569335	0.623188	0.49198	0.545571	0.461483	0.359582	0.196619	0.323685
51	1	74	ADJ	18	228	33.06	0.0304094	0.0152047	7881.5	7.4439e-06	5.57595e-06	4925	0.216009	1	0.762856	0.702351	0.569335	0.623188	0.49198	0.545571	0.461483	0.359582	0.196619	0.323685
51	1	74	ADJ	52	229	33.892	0.0199531	0.0164319	7564.49	7.18899e-06	5.50254e-06	1274	0.0551515	1	0.762856	0.702351	0.569335	0.623188	0.49198	0.545571	0.461483	0.359582	0.196619	0.323685
51	1	74	ADJ	51	178	17.088	0.0121681	0.0254425	7872.93	5.6055e-06	4.65141e-06	1591	0.0888827	1	0.762856	0.702351	0.569335	0.623188	0.49198	0.545571	0.461483	0.359582	0.196619	0.323685
51	1	74	ADJ	35	240	40.08	0.030012	0.0144058	8433.94	7.34607e-06	5.15144e-06	1763	0.0728512	1	0.762856	0.702351	0.569335	0.623188	0.49198	0.545571	0.461483	0.359582	0.196619	0.323685
51	1	74	ADJ	3	220	33	0.0211765	0.00588235	8111.13	8.13814e-06	5.72341e-06	4801	0.21724	1	0.762856	0.702351	0.569335	0.623188	0.49198	0.545571	0.461483	0.359582	0.196619	0.323685
51	1	74	ADJ	28	221	34.034	0.0425532	0.0378251	8150.32	6.08789e-06	4.60712e-06	2090	0.093722	1	0.762856	0.702351	0.569335	0.623188	0.49198	0.545571	0.461483	0.359582	0.196619	0.323685
51	1	74	ADJ	17	238	31.892	0.0150115	0.0184757	7499.64	8.78224e-06	6.6694e-06	4920	0.203306	1	0.762856	0.702351	0.569335	0.623188	0.49198	0.545571	0.461483	0.359582	0.196619	0.323685
51	1	74	ADJ	27	233	26.096	0.0777027	0.0191441	8349.62	6.22144e-06	5.09869e-06	2421	0.103462	1	0.762856	0.702351	0.569335	0.623188	0.49198	0.545571	0.461483	0.359582	0.196619	0.323685
51	1	74	ADJ	2	227	27.921	0.04561	0	7940.78	7.66193e-06	5.95339e-06	4888	0.21345	1	0.762856	0.702351	0.569335	0.623188	0.49198	0.545571	0.461483	0.359582	0.196619	0.323685
51	1	75	ADJ	25	220	31.02	0.0686845	0.0267753	9051.43	5.60414e-06	4.24003e-06	3930	0.176233	0.762856	1	0.752707	0.593667	0.619653	0.527562	0.534903	0.501018	0.342614	0.226772	0.279096
51	1	75	ADJ	11	231	43.89	0.0592593	0.0160494	8140.07	6.27108e-06	4.48802e-06	4658	0.199914	0.762856	1	0.752707	0.593667	0.619653	0.527562	0.534903	0.501018	0.342614	0.226772	0.279096
51	1	75	ADJ	53	268	46.9	0.0266667	0.0145455	8206.5	8.08867e-06	5.69694e-06	1427	0.0526568	0.762856	1	0.752707	0.593667	0.619653	0.527562	0.534903	0.501018	0.342614	0.226772	0.279096
51	1	75	ADJ	55	224	36.064	0.0321812	0.0262217	8751.93	7.12831e-06	4.90308e-06	1478	0.0651101	0.762856	1	0.752707	0.593667	0.619653	0.527562	0.534903	0.501018	0.342614	0.226772	0.279096
51	1	75	ADJ	73	205	34.03	0.0467626	0.0059952	8534.41	6.10905e-06	4.32359e-06	1578	0.0769756	0.762856	1	0.752707	0.593667	0.619653	0.527562	0.534903	0.501018	0.342614	0.226772	0.279096
51	1	75	ADJ	44	197	34.081	0.0737606	0.0181378	9242.59	5.02427e-06	3.52181e-06	1571	0.07855	0.762856	1	0.752707	0.593667	0.619653	0.527562	0.534903	0.501018	0.342614	0.226772	0.279096
51	1	75	ADJ	24	227	44.946	0.0498753	0.032419	9186.12	6.1817e-06	4.00753e-06	4022	0.174113	0.762856	1	0.752707	0.593667	0.619653	0.527562	0.534903	0.501018	0.342614	0.226772	0.279096
51	1	75	ADJ	20	240	34.08	0.0582751	0.0151515	8803.9	7.06883e-06	5.20638e-06	4390	0.179918	0.762856	1	0.752707	0.593667	0.619653	0.527562	0.534903	0.501018	0.342614	0.226772	0.279096
51	1	75	ADJ	71	212	46.004	0.0357599	0	7903.25	6.3954e-06	4.2547e-06	1220	0.057277	0.762856	1	0.752707	0.593667	0.619653	0.527562	0.534903	0.501018	0.342614	0.226772	0.279096
51	1	75	ADJ	3	219	38.982	0.0389294	0.0170316	8788.75	6.4532e-06	4.37431e-06	4801	0.21724	0.762856	1	0.752707	0.593667	0.619653	0.527562	0.534903	0.501018	0.342614	0.226772	0.279096
51	1	75	ADJ	9	269	40.888	0.0353774	0.0129717	7747.11	8.62182e-06	6.47236e-06	5094	0.188667	0.762856	1	0.752707	0.593667	0.619653	0.527562	0.534903	0.501018	0.342614	0.226772	0.279096
51	1	75	ADJ	19	230	39.1	0.0204819	0.0216867	7978.36	7.34743e-06	5.21898e-06	4812	0.209217	0.762856	1	0.752707	0.593667	0.619653	0.527562	0.534903	0.501018	0.342614	0.226772	0.279096
51	1	75	ADJ	5	232	31.088	0.0542725	0.0207852	8797.83	6.24154e-06	4.77831e-06	4778	0.203319	0.762856	1	0.752707	0.593667	0.619653	0.527562	0.534903	0.501018	0.342614	0.226772	0.279096
51	1	75	ADJ	30	219	40.953	0.0615006	0.0282903	9212.31	5.29123e-06	3.65838e-06	2273	0.10379	0.762856	1	0.752707	0.593667	0.619653	0.527562	0.534903	0.501018	0.342614	0.226772	0.279096
51	1	75	ADJ	59	246	39.114	0.0630202	0.00475624	8942.25	7.01343e-06	4.98599e-06	1440	0.0585366	0.762856	1	0.752707	0.593667	0.619653	0.527562	0.534903	0.501018	0.342614	0.226772	0.279096
51	1	75	ADJ	46	249	48.057	0.0446097	0.0198265	8768.95	7.18823e-06	4.76321e-06	1453	0.05812	0.762856	1	0.752707	0.593667	0.619653	0.527562	0.534903	0.501018	0.342614	0.226772	0.279096
51	1	75	ADJ	47	242	35.09	0.0292398	0.0140351	8432.63	7.1246e-06	5.29679e-06	1396	0.0569796	0.762856	1	0.752707	0.593667	0.619653	0.527562	0.534903	0.501018	0.342614	0.226772	0.279096
51	1	75	ADJ	15	233	44.969	0.0483271	0.00991326	8590.68	6.48921e-06	4.41656e-06	4925	0.209574	0.762856	1	0.752707	0.593667	0.619653	0.527562	0.534903	0.501018	0.342614	0.226772	0.279096
51	1	75	ADJ	8	221	32.929	0.0317274	0.0317274	8471.73	7.05605e-06	5.07972e-06	4931	0.223122	0.762856	1	0.752707	0.593667	0.619653	0.527562	0.534903	0.501018	0.342614	0.226772	0.279096
51	1	75	ADJ	60	229	29.083	0.0595647	0.0309278	8666.4	5.88737e-06	4.65259e-06	1185	0.0512987	0.762856	1	0.752707	0.593667	0.619653	0.527562	0.534903	0.501018	0.342614	0.226772	0.279096
51	1	75	ADJ	65	223	37.91	0.0325301	0.00481928	8202.47	6.74305e-06	4.80501e-06	1560	0.0699552	0.762856	1	0.752707	0.593667	0.619653	0.527562	0.534903	0.501018	0.342614	0.226772	0.279096
51	1	75	ADJ	23	220	34.1	0.0378698	0.0213018	8634.62	7.26776e-06	5.06183e-06	4028	0.183091	0.762856	1	0.752707	0.593667	0.619653	0.527562	0.534903	0.501018	0.342614	0.226772	0.279096
51	1	75	ADJ	10	225	27.9	0.0605023	0.0353881	8584.51	6.08992e-06	4.80897e-06	5127	0.225859	0.762856	1	0.752707	0.593667	0.619653	0.527562	0.534903	0.501018	0.342614	0.226772	0.279096
51	1	75	ADJ	4	272	44.064	0.0393795	0.0131265	8181.54	8.12298e-06	5.92294e-06	5463	0.200846	0.762856	1	0.752707	0.593667	0.619653	0.527562	0.534903	0.501018	0.342614	0.226772	0.279096
51	1	75	ADJ	41	218	35.098	0.0715137	0.0107271	8633.12	4.85721e-06	3.74345e-06	1504	0.0686758	0.762856	1	0.752707	0.593667	0.619653	0.527562	0.534903	0.501018	0.342614	0.226772	0.279096
51	1	75	ADJ	39	272	41.888	0.0437352	0.0130024	8789.58	8.29739e-06	5.87721e-06	1905	0.0695255	0.762856	1	0.752707	0.593667	0.619653	0.527562	0.534903	0.501018	0.342614	0.226772	0.279096
51	1	75	ADJ	34	226	40.002	0.0643985	0.0109356	8156.91	5.94057e-06	4.39282e-06	2213	0.097489	0.762856	1	0.752707	0.593667	0.619653	0.527562	0.534903	0.501018	0.342614	0.226772	0.279096
51	1	75	ADJ	51	178	27.946	0.0332147	0.0201661	8374.07	5.35216e-06	3.87807e-06	1591	0.0888827	0.762856	1	0.752707	0.593667	0.619653	0.527562	0.534903	0.501018	0.342614	0.226772	0.279096
51	1	75	ADJ	66	241	46.995	0.0310559	0.0149068	8514.04	7.0265e-06	4.69416e-06	1320	0.0540984	0.762856	1	0.752707	0.593667	0.619653	0.527562	0.534903	0.501018	0.342614	0.226772	0.279096
51	1	75	ADJ	22	242	30.976	0.0424312	0.0240826	9016.18	6.49983e-06	4.96803e-06	4705	0.192828	0.762856	1	0.752707	0.593667	0.619653	0.527562	0.534903	0.501018	0.342614	0.226772	0.279096
51	1	75	ADJ	32	246	39.114	0.0487515	0.0332937	8566.81	6.35029e-06	4.73278e-06	2110	0.0857724	0.762856	1	0.752707	0.593667	0.619653	0.527562	0.534903	0.501018	0.342614	0.226772	0.279096
51	1	75	ADJ	13	201	36.984	0.0612745	0.0245098	7858.72	5.18764e-06	3.88018e-06	4651	0.22799	0.762856	1	0.752707	0.593667	0.619653	0.527562	0.534903	0.501018	0.342614	0.226772	0.279096
51	1	75	ADJ	28	221	40.001	0.043956	0.021978	8187.68	6.05546e-06	4.3615e-06	2090	0.093722	0.762856	1	0.752707	0.593667	0.619653	0.527562	0.534903	0.501018	0.342614	0.226772	0.279096
51	1	75	ADJ	48	226	32.092	0.020979	0.00466201	8382.62	8.07194e-06	5.73722e-06	1590	0.0700441	0.762856	1	0.752707	0.593667	0.619653	0.527562	0.534903	0.501018	0.342614	0.226772	0.279096
51	1	75	ADJ	64	213	40.896	0.0111386	0.0123762	8747.22	7.01687e-06	4.40548e-06	1204	0.0562617	0.762856	1	0.752707	0.593667	0.619653	0.527562	0.534903	0.501018	0.342614	0.226772	0.279096
51	1	75	ADJ	43	228	46.968	0.0327456	0.011335	8165.03	6.3029e-06	4.3092e-06	1286	0.0561572	0.762856	1	0.752707	0.593667	0.619653	0.527562	0.534903	0.501018	0.342614	0.226772	0.279096
51	1	75	ADJ	58	232	38.048	0.0466507	0.00478469	8410.16	6.90181e-06	4.94987e-06	1556	0.065654	0.762856	1	0.752707	0.593667	0.619653	0.527562	0.534903	0.501018	0.342614	0.226772	0.279096
51	1	75	ADJ	2	226	42.036	0.0429975	0.00614251	8018.7	6.35739e-06	4.55581e-06	4888	0.21345	0.762856	1	0.752707	0.593667	0.619653	0.527562	0.534903	0.501018	0.342614	0.226772	0.279096
51	1	75	ADJ	56	237	40.053	0.045728	0.0252708	9053.52	6.72488e-06	4.62593e-06	1300	0.0548523	0.762856	1	0.752707	0.593667	0.619653	0.527562	0.534903	0.501018	0.342614	0.226772	0.279096
51	1	75	ADJ	14	214	34.026	0.0499405	0.0059453	9053.71	7.23622e-06	4.82175e-06	5242	0.240459	0.762856	1	0.752707	0.593667	0.619653	0.527562	0.534903	0.501018	0.342614	0.226772	0.279096
51	1	75	ADJ	69	243	42.039	0.0544135	0.0205562	8207.92	6.70817e-06	4.90247e-06	1348	0.0550204	0.762856	1	0.752707	0.593667	0.619653	0.527562	0.534903	0.501018	0.342614	0.226772	0.279096
51	1	75	ADJ	62	248	49.104	0.0448878	0.0149626	7723.74	6.21614e-06	4.5981e-06	1578	0.06312	0.762856	1	0.752707	0.593667	0.619653	0.527562	0.534903	0.501018	0.342614	0.226772	0.279096
51	1	75	ADJ	7	240	37.92	0.0296912	0.0142518	8351.95	8.10883e-06	5.67235e-06	5170	0.213636	0.762856	1	0.752707	0.593667	0.619653	0.527562	0.534903	0.501018	0.342614	0.226772	0.279096
51	1	75	ADJ	35	240	48	0.03625	0.01	8395.45	6.98798e-06	4.67369e-06	1763	0.0728512	0.762856	1	0.752707	0.593667	0.619653	0.527562	0.534903	0.501018	0.342614	0.226772	0.279096
51	1	75	ADJ	29	228	36.936	0.052506	0.026253	8568.5	6.02429e-06	4.44095e-06	2264	0.0984348	0.762856	1	0.752707	0.593667	0.619653	0.527562	0.534903	0.501018	0.342614	0.226772	0.279096
51	1	75	ADJ	40	234	47.034	0.0475594	0.0275344	9160.88	6.06559e-06	3.97914e-06	1729	0.0735745	0.762856	1	0.752707	0.593667	0.619653	0.527562	0.534903	0.501018	0.342614	0.226772	0.279096
51	1	75	ADJ	37	244	41.968	0.0688406	0.0253623	9030.71	6.04592e-06	4.33675e-06	1686	0.0688163	0.762856	1	0.752707	0.593667	0.619653	0.527562	0.534903	0.501018	0.342614	0.226772	0.279096
51	1	75	ADJ	16	202	28.078	0.0464576	0.0162602	8867.31	5.68849e-06	4.23762e-06	4605	0.226847	0.762856	1	0.752707	0.593667	0.619653	0.527562	0.534903	0.501018	0.342614	0.226772	0.279096
51	1	75	ADJ	36	206	39.964	0.0297767	0.00620347	8181.29	6.39218e-06	4.30392e-06	1598	0.0771981	0.762856	1	0.752707	0.593667	0.619653	0.527562	0.534903	0.501018	0.342614	0.226772	0.279096
51	1	75	ADJ	68	228	46.968	0.0604534	0.011335	8861.4	6.40337e-06	4.15583e-06	1439	0.0625652	0.762856	1	0.752707	0.593667	0.619653	0.527562	0.534903	0.501018	0.342614	0.226772	0.279096
51	1	75	ADJ	42	228	31.92	0.055814	0.0406977	8847.72	5.75192e-06	4.40698e-06	1709	0.0746288	0.762856	1	0.752707	0.593667	0.619653	0.527562	0.534903	0.501018	0.342614	0.226772	0.279096
51	1	75	ADJ	26	230	48.07	0.0379267	0.022756	8453.36	6.86064e-06	4.44685e-06	2620	0.111966	0.762856	1	0.752707	0.593667	0.619653	0.527562	0.534903	0.501018	0.342614	0.226772	0.279096
51	1	75	ADJ	1	226	37.064	0.0526316	0.0107655	8195.46	6.09481e-06	4.55861e-06	5197	0.227939	0.762856	1	0.752707	0.593667	0.619653	0.527562	0.534903	0.501018	0.342614	0.226772	0.279096
51	1	75	ADJ	45	235	47	0.05375	0.01	9137.67	6.65145e-06	4.25596e-06	1375	0.0580169	0.762856	1	0.752707	0.593667	0.619653	0.527562	0.534903	0.501018	0.342614	0.226772	0.279096
51	1	75	ADJ	18	228	44.916	0.0597758	0.0224159	8839.28	6.12119e-06	4.11741e-06	4925	0.216009	0.762856	1	0.752707	0.593667	0.619653	0.527562	0.534903	0.501018	0.342614	0.226772	0.279096
51	1	75	ADJ	12	197	29.944	0.0424528	0.0353774	8677.84	5.39929e-06	3.98368e-06	4412	0.222828	0.762856	1	0.752707	0.593667	0.619653	0.527562	0.534903	0.501018	0.342614	0.226772	0.279096
51	1	75	ADJ	50	247	40.014	0.0536993	0.0286396	8609.01	6.10407e-06	4.56783e-06	1590	0.0638554	0.762856	1	0.752707	0.593667	0.619653	0.527562	0.534903	0.501018	0.342614	0.226772	0.279096
51	1	75	ADJ	38	217	36.022	0.0275779	0.0383693	8454.42	6.35715e-06	4.52214e-06	1407	0.0648387	0.762856	1	0.752707	0.593667	0.619653	0.527562	0.534903	0.501018	0.342614	0.226772	0.279096
51	1	75	ADJ	67	197	37.036	0.0751232	0.0123153	8912.96	4.35171e-06	3.15598e-06	1336	0.0678173	0.762856	1	0.752707	0.593667	0.619653	0.527562	0.534903	0.501018	0.342614	0.226772	0.279096
51	1	75	ADJ	31	181	30.951	0.0470446	0.0325694	8558.04	4.38021e-06	3.24601e-06	2212	0.120874	0.762856	1	0.752707	0.593667	0.619653	0.527562	0.534903	0.501018	0.342614	0.226772	0.279096
51	1	75	ADJ	52	228	44.916	0.0386052	0.0161893	8083.1	6.32188e-06	4.42919e-06	1274	0.0551515	0.762856	1	0.752707	0.593667	0.619653	0.527562	0.534903	0.501018	0.342614	0.226772	0.279096
51	1	75	ADJ	70	213	40.044	0.0406404	0.0172414	8229.74	5.77871e-06	4.10278e-06	1446	0.0678873	0.762856	1	0.752707	0.593667	0.619653	0.527562	0.534903	0.501018	0.342614	0.226772	0.279096
51	1	75	ADJ	33	220	42.02	0.0444994	0.00618047	8340.28	6.23072e-06	4.31155e-06	2169	0.0985909	0.762856	1	0.752707	0.593667	0.619653	0.527562	0.534903	0.501018	0.342614	0.226772	0.279096
51	1	75	ADJ	72	234	43.992	0.0738916	0.00985222	9070.46	5.93903e-06	4.09049e-06	1366	0.0583761	0.762856	1	0.752707	0.593667	0.619653	0.527562	0.534903	0.501018	0.342614	0.226772	0.279096
51	1	75	ADJ	63	252	41.076	0.0430107	0.0238949	8894.06	6.66187e-06	4.78802e-06	1709	0.0672835	0.762856	1	0.752707	0.593667	0.619653	0.527562	0.534903	0.501018	0.342614	0.226772	0.279096
51	1	75	ADJ	61	238	54.978	0.0325098	0.0273082	8500.36	6.49383e-06	4.12591e-06	1600	0.0666667	0.762856	1	0.752707	0.593667	0.619653	0.527562	0.534903	0.501018	0.342614	0.226772	0.279096
51	1	75	ADJ	49	219	31.974	0.0644028	0.0105386	8738.4	5.50247e-06	4.20484e-06	1460	0.0660634	0.762856	1	0.752707	0.593667	0.619653	0.527562	0.534903	0.501018	0.342614	0.226772	0.279096
51	1	75	ADJ	17	238	39.984	0.0348558	0.0252404	7871.69	7.18399e-06	5.2662e-06	4920	0.203306	0.762856	1	0.752707	0.593667	0.619653	0.527562	0.534903	0.501018	0.342614	0.226772	0.279096
51	1	75	ADJ	21	205	35.055	0.0410133	0.0180941	8506.5	5.54143e-06	3.99301e-06	4244	0.205024	0.762856	1	0.752707	0.593667	0.619653	0.527562	0.534903	0.501018	0.342614	0.226772	0.279096
51	1	75	ADJ	27	233	41.008	0.0776699	0.0364078	9076.76	5.38731e-06	3.90665e-06	2421	0.103462	0.762856	1	0.752707	0.593667	0.619653	0.527562	0.534903	0.501018	0.342614	0.226772	0.279096
51	1	75	ADJ	54	215	41.065	0.0346106	0.0173053	8841.38	6.12779e-06	4.05984e-06	1417	0.0656019	0.762856	1	0.752707	0.593667	0.619653	0.527562	0.534903	0.501018	0.342614	0.226772	0.279096
51	1	75	ADJ	6	238	39.984	0.0300481	0.015625	7839.45	7.11177e-06	5.23183e-06	5138	0.210574	0.762856	1	0.752707	0.593667	0.619653	0.527562	0.534903	0.501018	0.342614	0.226772	0.279096
51	1	75	ADJ	57	239	44.932	0.0307882	0.0418719	8891.7	6.15698e-06	4.22186e-06	1296	0.054	0.762856	1	0.752707	0.593667	0.619653	0.527562	0.534903	0.501018	0.342614	0.226772	0.279096
51	1	76	ADJ	49	219	37.011	0.0709988	0.0276775	9789.9	4.71559e-06	3.38514e-06	1460	0.0660634	0.702351	0.752707	1	0.697167	0.682097	0.578911	0.606475	0.585714	0.456311	0.448982	0.506519
51	1	76	ADJ	67	196	36.064	0.0943627	0.0122549	9949.3	4.09418e-06	2.86767e-06	1336	0.0678173	0.702351	0.752707	1	0.697167	0.682097	0.578911	0.606475	0.585714	0.456311	0.448982	0.506519
51	1	76	ADJ	54	215	35.905	0.0564226	0.0444178	9780.13	5.10819e-06	3.56593e-06	1417	0.0656019	0.702351	0.752707	1	0.697167	0.682097	0.578911	0.606475	0.585714	0.456311	0.448982	0.506519
51	1	76	ADJ	69	243	32.076	0.0898618	0.0195852	9217.16	5.46395e-06	4.31651e-06	1348	0.0550204	0.702351	0.752707	1	0.697167	0.682097	0.578911	0.606475	0.585714	0.456311	0.448982	0.506519
51	1	76	ADJ	24	226	37.064	0.0789474	0.0370813	9738.36	5.05986e-06	3.64808e-06	4022	0.174113	0.702351	0.752707	1	0.697167	0.682097	0.578911	0.606475	0.585714	0.456311	0.448982	0.506519
51	1	76	ADJ	6	238	35.938	0.0341578	0.0200236	8813.48	6.48753e-06	4.7573e-06	5138	0.210574	0.702351	0.752707	1	0.697167	0.682097	0.578911	0.606475	0.585714	0.456311	0.448982	0.506519
